00000000000000000000000000000000000000000000000000000000000000000000000000000
00000000000000000000000000000000000000000000000000000000000000000000000000000
00000000000000000000000011000000000000000000000000000000000000000000000000000
00000000000000000000000011000000000000000000000000000000000000000000000000000
00000000000000000000000000000000000000000000000000000111100000000000000000000
00000000000000000000001111000000000000000000000000000100100000000000000000000
00000000000000000011010010100000000000000000000000011100111000000000000000000
00000000000000000011010100100000000000000000000000010000001000000000000000000
00000000000000000000010100101100000000000000000000010000001000000000000000000
00000000000000000000010000101100000000000000000000011100111000000000000000000
00000000000000000000001111000000000000000000000000000100100000000000000000000
00000000000000000000000000000000000001100000000000000111100000000000000000000
00000000000000000000001100000000000001000000000000000000000000000000000000000
00000000000000000000001100000000001101000000000000000000000000000000000000000
00000000000000000000000000000000010010000000000000000000000000000000000000000
00000000000000000000000000000000011000000000000000000000000000000000000000000
00000000000000000000000000000000001100000000000000000000000000000000000000000
00000000000000000000000000000000100100000000000000000000000000000000000000000
00000000000000000000000000000001011000000000000000000000000000000000000000000
00000000000000000000000000000001000000000000000000000000000000000000000000000
00000000000000000000000000000011000000000000000000000000000000000000000000000
00000000000000000000000000000000000000000000000000000000000000000000000000000
00000000000000000000000000000000000000000000000000000000000000000000000000000