00000000000000000000000000000000000000000000000000000000000000000000000000000
00000000000000000000000000000000000000000000000000000000000000000000000000000
00000000000000000000000000000000000000000000000000000000000000000000000000000
00000000000000000000000000000000000000000000000000000000000000000000000000000
00000000000000000000000000000000000000000000000000000000000000000000000000000
00000000000000000000000000000000000000000000000000000000000000000000000000000
00000000000000000000000000000110000000110000000011000000000000000000000000000
00000000000000000000000000000111000000001100000011000000000000000000000000000
00000000000000000000000000000110000000000011000011000000000000000000000000000
00000000000000000000000000000010000000000000000000000000000000000000000000000
00000000000000000000000000000000000000000000000000000000000000000000000000000
00000000000000000000000000000000000000000000000000000000000000000000000000000
00000000000000000000000000000011000000000000000000000000000000000000000000000
00000000000000000000000000000100100000000000000000000000000000000000000000000
00000000000000000000000000000111100000000000000000000000000000000000000000000
00000000000000000000000000000100101100000000000000000000000000000000000000000
00000000000000000000000000000000000000000000000000000000000000000000000000000
00000000000000000000000000000100100000000000000000000000000000000000000000000
00000000000000000000000000000111100000000000000000000000000000000000000000000
00000000000000000000000000000100100000000000000000000000000000000000000000000
00000000000000000000000000000011000000000000000000000000000000000000000000000
00000000000000000000000000000000000000000000000000000000000000000000000000000
00000000000000000000000000000000000000000000000000000000000000000000000000000